"Lager","tick"
11.0,1.0
11.0,2.0
19.0,3.0
24.0,4.0
33.0,5.0
43.0,6.0
43.0,7.0
53.0,8.0
60.0,9.0
60.0,10.0
68.0,11.0
74.0,12.0
78.0,13.0
78.0,14.0
87.0,15.0
87.0,16.0
97.0,17.0
102.0,18.0
102.0,19.0
102.0,20.0
102.0,21.0
102.0,22.0
102.0,23.0
102.0,24.0
102.0,25.0
102.0,26.0
102.0,27.0
102.0,28.0
102.0,29.0
102.0,30.0
102.0,31.0
102.0,32.0
102.0,33.0
102.0,34.0
102.0,35.0
102.0,36.0
102.0,37.0
102.0,38.0
102.0,39.0
102.0,40.0
102.0,41.0
102.0,42.0
102.0,43.0
102.0,44.0
102.0,45.0
102.0,46.0
102.0,47.0
102.0,48.0
