"Lager","tick"
10.0,1.0
10.0,2.0
17.0,3.0
26.0,4.0
26.0,5.0
32.0,6.0
39.0,7.0
48.0,8.0
55.0,9.0
59.0,10.0
67.0,11.0
67.0,12.0
77.0,13.0
82.0,14.0
82.0,15.0
90.0,16.0
94.0,17.0
101.0,18.0
108.0,19.0
108.0,20.0
108.0,21.0
108.0,22.0
112.0,23.0
112.0,24.0
120.0,25.0
120.0,26.0
120.0,27.0
120.0,28.0
120.0,29.0
120.0,30.0
120.0,31.0
120.0,32.0
120.0,33.0
120.0,34.0
124.0,35.0
124.0,36.0
124.0,37.0
124.0,38.0
124.0,39.0
124.0,40.0
124.0,41.0
124.0,42.0
124.0,43.0
124.0,44.0
124.0,45.0
129.0,46.0
129.0,47.0
129.0,48.0
129.0,49.0
129.0,50.0
129.0,51.0
129.0,52.0
