"Lager","tick"
5.0,1.0
15.0,2.0
25.0,3.0
35.0,4.0
45.0,5.0
45.0,6.0
55.0,7.0
65.0,8.0
65.0,9.0
75.0,10.0
85.0,11.0
85.0,12.0
95.0,13.0
105.0,14.0
115.0,15.0
115.0,16.0
125.0,17.0
135.0,18.0
145.0,19.0
155.0,20.0
165.0,21.0
165.0,22.0
175.0,23.0
175.0,24.0
185.0,25.0
195.0,26.0
195.0,27.0
205.0,28.0
215.0,29.0
215.0,30.0
225.0,31.0
235.0,32.0
245.0,33.0
255.0,34.0
265.0,35.0
265.0,36.0
275.0,37.0
285.0,38.0
295.0,39.0
295.0,40.0
305.0,41.0
305.0,42.0
315.0,43.0
325.0,44.0
325.0,45.0
335.0,46.0
345.0,47.0
345.0,48.0
355.0,49.0
355.0,50.0
365.0,51.0
375.0,52.0
375.0,53.0
385.0,54.0
395.0,55.0
405.0,56.0
415.0,57.0
425.0,58.0
425.0,59.0
435.0,60.0
435.0,61.0
445.0,62.0
455.0,63.0
465.0,64.0
465.0,65.0
475.0,66.0
485.0,67.0
495.0,68.0
495.0,69.0
505.0,70.0
505.0,71.0
515.0,72.0
525.0,73.0
535.0,74.0
545.0,75.0
555.0,76.0
555.0,77.0
565.0,78.0
575.0,79.0
575.0,80.0
585.0,81.0
595.0,82.0
605.0,83.0
615.0,84.0
615.0,85.0
625.0,86.0
625.0,87.0
635.0,88.0
645.0,89.0
655.0,90.0
665.0,91.0
