"Lager","tick"
14.0,1.0
24.0,2.0
34.0,3.0
34.0,4.0
39.0,5.0
43.0,6.0
49.0,7.0
59.0,8.0
67.0,9.0
67.0,10.0
71.0,11.0
77.0,12.0
83.0,13.0
92.0,14.0
92.0,15.0
101.0,16.0
101.0,17.0
109.0,18.0
113.0,19.0
118.0,20.0
118.0,21.0
118.0,22.0
118.0,23.0
118.0,24.0
124.0,25.0
128.0,26.0
135.0,27.0
135.0,28.0
139.0,29.0
143.0,30.0
148.0,31.0
152.0,32.0
160.0,33.0
160.0,34.0
160.0,35.0
160.0,36.0
160.0,37.0
160.0,38.0
165.0,39.0
165.0,40.0
170.0,41.0
180.0,42.0
185.0,43.0
185.0,44.0
192.0,45.0
196.0,46.0
200.0,47.0
205.0,48.0
209.0,49.0
218.0,50.0
218.0,51.0
222.0,52.0
222.0,53.0
222.0,54.0
222.0,55.0
222.0,56.0
222.0,57.0
222.0,58.0
222.0,59.0
222.0,60.0
222.0,61.0
222.0,62.0
222.0,63.0
222.0,64.0
222.0,65.0
222.0,66.0
222.0,67.0
222.0,68.0
222.0,69.0
222.0,70.0
222.0,71.0
222.0,72.0
222.0,73.0
222.0,74.0
222.0,75.0
222.0,76.0
222.0,77.0
